8C
01
00
00
8C
02
00
04
8C
03
00
08
8C
04
00
0C
00
23
28
22
00
22
30
22
00
44
38
22
00
43
40
22
AC
05
00
10
AC
06
00
18
AC
07
00
1C
AC
08
00
20
00
22
48
24
00
44
50
24
00
22
58
25
00
23
60
25
AC
09
00
24
AC
0A
00
28
AC
0B
00
30
AC
0C
00
34
00
01
69
40
00
02
73
40
00
01
7A
02
00
02
85
42
00
01
8A
03
00
02
95
43
AC
0D
00
38
AC
0E
00
3C
AC
0F
00
40
AC
10
00
44
AC
11
00
48
AC
12
00
4C
00
22
A0
2A
00
41
A8
2A
AC
14
00
50
AC
15
00
54
00
00
00
00
00
00
00
00
00
00
00
00
00
00
00
00
00
00
00
00
00
00
00
00
00
00
00
00
00
00
00
00
00
00
00
00
00
00
00
00
